Cw = 1;

Cm = 1;

Co = 10;

Cx = 1000;

bigM = 1000;

sigma0 = 0.3;

sigma1 = 0.1;

omega = 0.27;

numDays = 5;

numMunicipalities = 4;

municipalityLatitude = [
	0,-12,-17,24 
];

municipalityLongitude = [
	0,27,48,38 
];

numPatients = 60;

patientMunicipality = [
	4,1,1,4,2,3,1,4,1,3,3,2,1,2,1,4,1,3,3,4,2,3,2,3,2,4,4,3,1,3,1,3,2,2,4,3,4,2,2,2,1,1,2,1,2,2,3,4,4,3,3,2,1,4,1,1,3,4,4,4 
];

numOperators = 8;

operatorMunicipality = [
	3,1,4,4,2,1,3,2 
];

operatorSkill = [
	0,0,0,0,1,1,0,0 
];

operatorTime = [
	1440,1620,900,1800,1980,2160,1080,1260 
];

operatorMaxTime = [
	2280,2280,2280,2280,2280,2280,2280,2280 
];

operatorAvailability = [
	[
		1,1,1,1,1 
	],
	[
		1,1,1,1,0 
	],
	[
		1,1,1,1,1 
	],
	[
		1,1,1,1,1 
	],
	[
		1,1,1,1,1 
	],
	[
		1,1,1,1,1 
	],
	[
		1,1,0,0,1 
	],
	[
		0,1,1,1,1 
	]
];

operatorStartTime = [
	[
		0,0,0,0,0 
	],
	[
		0,0,0,0,0 
	],
	[
		0,0,0,0,0 
	],
	[
		0,0,0,0,0 
	],
	[
		0,0,0,0,0 
	],
	[
		0,0,0,0,0 
	],
	[
		0,0,0,0,0 
	],
	[
		0,0,0,0,0 
	]
];

operatorEndTime = [
	[
		840,840,840,840,840 
	],
	[
		840,840,840,840,840 
	],
	[
		840,840,840,840,840 
	],
	[
		840,840,840,840,840 
	],
	[
		840,840,840,840,840 
	],
	[
		840,840,840,840,840 
	],
	[
		840,840,840,840,840 
	],
	[
		840,840,840,840,840 
	]
];

visitRequest = [
	[
		0,1,0,0,0 
	],
	[
		0,0,0,0,1 
	],
	[
		0,0,0,1,0 
	],
	[
		1,1,1,0,0 
	],
	[
		0,0,0,1,1 
	],
	[
		1,0,0,1,1 
	],
	[
		0,1,0,0,0 
	],
	[
		0,1,0,0,1 
	],
	[
		1,0,0,0,1 
	],
	[
		1,1,0,0,0 
	],
	[
		1,1,1,0,1 
	],
	[
		0,0,1,0,1 
	],
	[
		1,1,0,1,0 
	],
	[
		1,0,0,0,0 
	],
	[
		1,0,0,0,1 
	],
	[
		1,0,1,1,1 
	],
	[
		1,0,1,0,0 
	],
	[
		1,1,0,0,0 
	],
	[
		0,1,0,0,0 
	],
	[
		1,1,0,0,0 
	],
	[
		0,1,1,0,0 
	],
	[
		1,0,0,0,0 
	],
	[
		1,1,0,1,0 
	],
	[
		0,0,0,0,1 
	],
	[
		0,0,1,1,0 
	],
	[
		0,1,0,0,0 
	],
	[
		1,0,1,1,0 
	],
	[
		0,1,0,1,0 
	],
	[
		0,0,1,1,1 
	],
	[
		0,1,1,0,1 
	],
	[
		0,1,1,1,0 
	],
	[
		1,0,1,1,0 
	],
	[
		1,0,1,0,1 
	],
	[
		1,0,1,0,0 
	],
	[
		0,1,1,0,0 
	],
	[
		0,0,0,0,1 
	],
	[
		0,0,0,0,1 
	],
	[
		0,0,0,1,0 
	],
	[
		0,1,0,1,0 
	],
	[
		0,0,1,0,1 
	],
	[
		0,1,1,0,0 
	],
	[
		0,0,1,1,1 
	],
	[
		0,1,0,1,0 
	],
	[
		0,1,0,1,0 
	],
	[
		1,1,0,0,1 
	],
	[
		0,1,1,1,0 
	],
	[
		0,0,1,1,1 
	],
	[
		1,0,1,0,0 
	],
	[
		0,1,0,1,0 
	],
	[
		1,1,0,0,0 
	],
	[
		0,0,1,0,1 
	],
	[
		1,0,1,1,1 
	],
	[
		0,0,0,0,1 
	],
	[
		1,0,1,0,0 
	],
	[
		1,0,0,0,0 
	],
	[
		0,1,0,1,0 
	],
	[
		0,0,1,1,0 
	],
	[
		0,0,0,1,1 
	],
	[
		0,0,1,0,0 
	],
	[
		0,0,1,1,0 
	]
];

visitSkill = [
	[
		0,0,0,0,0 
	],
	[
		0,0,0,0,1 
	],
	[
		0,0,0,0,0 
	],
	[
		1,1,1,0,0 
	],
	[
		0,0,0,0,0 
	],
	[
		0,0,0,0,0 
	],
	[
		0,0,0,0,0 
	],
	[
		0,0,0,0,0 
	],
	[
		0,0,0,0,0 
	],
	[
		1,1,0,0,0 
	],
	[
		0,0,0,0,0 
	],
	[
		0,0,0,0,0 
	],
	[
		0,0,0,0,0 
	],
	[
		0,0,0,0,0 
	],
	[
		0,0,0,0,0 
	],
	[
		0,0,0,0,0 
	],
	[
		0,0,0,0,0 
	],
	[
		0,0,0,0,0 
	],
	[
		0,1,0,0,0 
	],
	[
		0,0,0,0,0 
	],
	[
		0,0,0,0,0 
	],
	[
		0,0,0,0,0 
	],
	[
		0,0,0,0,0 
	],
	[
		0,0,0,0,0 
	],
	[
		0,0,0,0,0 
	],
	[
		0,0,0,0,0 
	],
	[
		0,0,0,0,0 
	],
	[
		0,0,0,0,0 
	],
	[
		0,0,0,0,0 
	],
	[
		0,1,1,0,1 
	],
	[
		0,0,0,0,0 
	],
	[
		0,0,0,0,0 
	],
	[
		0,0,0,0,0 
	],
	[
		0,0,0,0,0 
	],
	[
		0,0,0,0,0 
	],
	[
		0,0,0,0,0 
	],
	[
		0,0,0,0,0 
	],
	[
		0,0,0,0,0 
	],
	[
		0,0,0,0,0 
	],
	[
		0,0,0,0,0 
	],
	[
		0,0,0,0,0 
	],
	[
		0,0,0,0,0 
	],
	[
		0,0,0,0,0 
	],
	[
		0,1,0,1,0 
	],
	[
		0,0,0,0,0 
	],
	[
		0,0,0,0,0 
	],
	[
		0,0,0,0,0 
	],
	[
		1,0,1,0,0 
	],
	[
		0,0,0,0,0 
	],
	[
		0,0,0,0,0 
	],
	[
		0,0,0,0,0 
	],
	[
		0,0,0,0,0 
	],
	[
		0,0,0,0,1 
	],
	[
		0,0,0,0,0 
	],
	[
		0,0,0,0,0 
	],
	[
		0,0,0,0,0 
	],
	[
		0,0,0,0,0 
	],
	[
		0,0,0,1,1 
	],
	[
		0,0,0,0,0 
	],
	[
		0,0,0,0,0 
	]
];

visitStartTime = [
	[
		0,510,0,0,0 
	],
	[
		0,0,0,0,525 
	],
	[
		0,0,0,300,0 
	],
	[
		135,135,135,0,0 
	],
	[
		0,0,0,585,585 
	],
	[
		345,0,0,345,345 
	],
	[
		0,435,0,0,0 
	],
	[
		0,150,0,0,150 
	],
	[
		135,0,0,0,135 
	],
	[
		105,105,0,0,0 
	],
	[
		330,330,330,0,330 
	],
	[
		0,0,195,0,195 
	],
	[
		435,435,0,435,0 
	],
	[
		105,0,0,0,0 
	],
	[
		150,0,0,0,150 
	],
	[
		90,0,90,90,90 
	],
	[
		420,0,420,0,0 
	],
	[
		195,195,0,0,0 
	],
	[
		0,120,0,0,0 
	],
	[
		390,390,0,0,0 
	],
	[
		0,300,300,0,0 
	],
	[
		375,0,0,0,0 
	],
	[
		240,240,0,240,0 
	],
	[
		0,0,0,0,525 
	],
	[
		0,0,165,165,0 
	],
	[
		0,570,0,0,0 
	],
	[
		240,0,240,240,0 
	],
	[
		0,360,0,360,0 
	],
	[
		0,0,585,585,585 
	],
	[
		0,690,690,0,690 
	],
	[
		0,150,150,150,0 
	],
	[
		375,0,375,375,0 
	],
	[
		435,0,435,0,435 
	],
	[
		570,0,570,0,0 
	],
	[
		0,495,495,0,0 
	],
	[
		0,0,0,0,90 
	],
	[
		0,0,0,0,720 
	],
	[
		0,0,0,405,0 
	],
	[
		0,375,0,375,0 
	],
	[
		0,0,465,0,465 
	],
	[
		0,255,255,0,0 
	],
	[
		0,0,600,600,600 
	],
	[
		0,525,0,525,0 
	],
	[
		0,615,0,615,0 
	],
	[
		105,105,0,0,105 
	],
	[
		0,480,480,480,0 
	],
	[
		0,0,165,165,165 
	],
	[
		540,0,540,0,0 
	],
	[
		0,90,0,90,0 
	],
	[
		60,60,0,0,0 
	],
	[
		0,0,735,0,735 
	],
	[
		555,0,555,555,555 
	],
	[
		0,0,0,0,375 
	],
	[
		360,0,360,0,0 
	],
	[
		30,0,0,0,0 
	],
	[
		0,120,0,120,0 
	],
	[
		0,0,270,270,0 
	],
	[
		0,0,0,165,165 
	],
	[
		0,0,30,0,0 
	],
	[
		0,0,210,210,0 
	]
];

visitEndTime = [
	[
		0,570,0,0,0 
	],
	[
		0,0,0,0,585 
	],
	[
		0,0,0,360,0 
	],
	[
		195,195,195,0,0 
	],
	[
		0,0,0,645,645 
	],
	[
		405,0,0,405,405 
	],
	[
		0,495,0,0,0 
	],
	[
		0,240,0,0,240 
	],
	[
		225,0,0,0,225 
	],
	[
		195,195,0,0,0 
	],
	[
		390,390,390,0,390 
	],
	[
		0,0,255,0,255 
	],
	[
		525,525,0,525,0 
	],
	[
		165,0,0,0,0 
	],
	[
		270,0,0,0,270 
	],
	[
		150,0,150,150,150 
	],
	[
		510,0,510,0,0 
	],
	[
		255,255,0,0,0 
	],
	[
		0,180,0,0,0 
	],
	[
		450,450,0,0,0 
	],
	[
		0,390,390,0,0 
	],
	[
		435,0,0,0,0 
	],
	[
		330,330,0,330,0 
	],
	[
		0,0,0,0,585 
	],
	[
		0,0,225,225,0 
	],
	[
		0,630,0,0,0 
	],
	[
		330,0,330,330,0 
	],
	[
		0,420,0,420,0 
	],
	[
		0,0,675,675,675 
	],
	[
		0,780,780,0,780 
	],
	[
		0,240,240,240,0 
	],
	[
		435,0,435,435,0 
	],
	[
		495,0,495,0,495 
	],
	[
		630,0,630,0,0 
	],
	[
		0,555,555,0,0 
	],
	[
		0,0,0,0,150 
	],
	[
		0,0,0,0,780 
	],
	[
		0,0,0,465,0 
	],
	[
		0,495,0,495,0 
	],
	[
		0,0,525,0,525 
	],
	[
		0,315,315,0,0 
	],
	[
		0,0,660,660,660 
	],
	[
		0,615,0,615,0 
	],
	[
		0,675,0,675,0 
	],
	[
		165,165,0,0,165 
	],
	[
		0,540,540,540,0 
	],
	[
		0,0,225,225,225 
	],
	[
		660,0,660,0,0 
	],
	[
		0,180,0,180,0 
	],
	[
		120,120,0,0,0 
	],
	[
		0,0,795,0,795 
	],
	[
		615,0,615,615,615 
	],
	[
		0,0,0,0,435 
	],
	[
		420,0,420,0,0 
	],
	[
		90,0,0,0,0 
	],
	[
		0,180,0,180,0 
	],
	[
		0,0,390,390,0 
	],
	[
		0,0,0,285,285 
	],
	[
		0,0,90,0,0 
	],
	[
		0,0,330,330,0 
	]
];

commutingTime = [
	[
		15,38,34,49 
	],
	[
		38,15,42,62 
	],
	[
		34,42,15,20 
	],
	[
		49,62,20,15 
	]
];

feasiblePatients = [
	[
		1,0,1,0,1,1,1,1,1,0,1,1,1,1,1,1,1,1,0,1,1,1,1,1,1,1,1,1,1,0,1,1,1,1,1,1,1,1,1,1,1,1,1,0,1,1,1,0,1,1,1,1,0,1,0,1,1,0,1,1 
	],
	[
		1,0,1,0,0,0,1,0,0,0,0,0,1,1,0,0,1,1,0,1,1,1,1,0,1,1,1,1,0,0,1,1,0,1,1,0,0,1,1,0,1,0,1,0,0,1,0,0,1,1,0,0,0,1,1,1,1,0,0,1 
	],
	[
		1,0,1,0,1,1,1,1,1,0,1,1,1,1,1,1,1,1,0,1,1,1,1,1,1,1,1,1,1,0,1,1,1,1,1,1,1,1,1,1,1,1,1,0,1,1,1,0,1,1,1,1,0,1,0,1,1,0,1,1 
	],
	[
		1,0,1,0,1,1,1,1,1,0,1,1,1,1,1,1,1,1,0,1,1,1,1,1,1,1,1,1,1,0,1,1,1,1,1,1,1,1,1,1,1,1,1,0,1,1,1,0,1,1,1,1,0,1,0,1,1,0,1,1 
	],
	[
		1,1,1,1,1,1,1,1,1,1,1,1,1,1,1,1,1,1,1,1,1,1,1,1,1,1,1,1,1,1,1,1,1,1,1,1,0,1,1,1,1,1,1,1,1,1,1,1,1,1,1,1,1,1,0,1,1,1,0,1 
	],
	[
		1,1,1,1,1,1,1,1,1,1,1,1,1,1,1,1,1,1,1,1,1,1,1,1,1,1,1,1,1,1,1,1,1,1,1,1,1,1,1,1,1,1,1,1,1,1,1,1,1,1,1,1,1,1,1,1,1,1,0,1 
	],
	[
		1,0,0,0,0,0,1,1,1,0,0,0,0,1,1,0,0,1,0,1,0,1,0,1,0,1,0,0,0,0,0,0,0,0,0,1,1,0,0,0,0,0,0,0,1,0,0,0,0,1,0,0,0,0,0,0,0,0,0,0 
	],
	[
		1,0,1,0,1,0,1,1,0,0,0,1,0,0,0,0,0,0,0,0,1,0,0,1,1,1,0,1,1,0,1,0,0,0,1,1,0,1,1,1,1,1,1,0,0,1,1,0,1,0,1,0,0,0,0,1,1,0,0,1 
	]
];

previousAssignment = [
	[
		0,0,0,0,0,0,0,0 
	],
	[
		0,0,0,0,0,0,0,0 
	],
	[
		0,0,0,0,0,0,0,0 
	],
	[
		0,0,0,0,0,0,0,0 
	],
	[
		0,0,0,0,0,0,0,0 
	],
	[
		0,0,0,0,0,0,0,0 
	],
	[
		0,0,0,0,0,0,0,0 
	],
	[
		0,0,0,0,0,0,0,0 
	],
	[
		0,0,0,0,0,0,0,0 
	],
	[
		0,0,0,0,0,0,0,0 
	],
	[
		0,0,0,0,0,0,0,0 
	],
	[
		0,0,0,0,0,0,0,0 
	],
	[
		0,0,0,0,0,0,0,0 
	],
	[
		0,0,0,0,0,0,0,0 
	],
	[
		0,0,0,0,0,0,0,0 
	],
	[
		0,0,0,0,0,0,0,0 
	],
	[
		0,0,0,0,0,0,0,0 
	],
	[
		0,0,0,0,0,0,0,0 
	],
	[
		0,0,0,0,0,0,0,0 
	],
	[
		0,0,0,0,0,0,0,0 
	],
	[
		0,0,0,0,0,0,0,0 
	],
	[
		0,0,0,0,0,0,0,0 
	],
	[
		0,0,0,0,0,0,0,0 
	],
	[
		0,0,0,0,0,0,0,0 
	],
	[
		0,0,0,0,0,0,0,0 
	],
	[
		0,0,0,0,0,0,0,0 
	],
	[
		0,0,0,0,0,0,0,0 
	],
	[
		0,0,0,0,0,0,0,0 
	],
	[
		0,0,0,0,0,0,0,0 
	],
	[
		0,0,0,0,0,0,0,0 
	],
	[
		0,0,0,0,0,0,0,0 
	],
	[
		0,0,0,0,0,0,0,0 
	],
	[
		0,0,0,0,0,0,0,0 
	],
	[
		0,0,0,0,0,0,0,0 
	],
	[
		0,0,0,0,0,0,0,0 
	],
	[
		0,0,0,0,0,0,0,0 
	],
	[
		0,0,0,0,0,0,0,0 
	],
	[
		0,0,0,0,0,0,0,0 
	],
	[
		0,0,0,0,0,0,0,0 
	],
	[
		0,0,0,0,0,0,0,0 
	],
	[
		0,0,0,0,0,0,0,0 
	],
	[
		0,0,0,0,0,0,0,0 
	],
	[
		0,0,0,0,0,0,0,0 
	],
	[
		0,0,0,0,0,0,0,0 
	],
	[
		0,0,0,0,0,0,0,0 
	],
	[
		0,0,0,0,0,0,0,0 
	],
	[
		0,0,0,0,0,0,0,0 
	],
	[
		0,0,0,0,0,0,0,0 
	],
	[
		0,0,0,0,0,0,0,0 
	],
	[
		0,0,0,0,0,0,0,0 
	],
	[
		0,0,0,0,0,0,0,0 
	],
	[
		0,0,0,0,0,0,0,0 
	],
	[
		0,0,0,0,0,0,0,0 
	],
	[
		0,0,0,0,0,0,0,0 
	],
	[
		0,0,0,0,0,0,0,0 
	],
	[
		0,0,0,0,0,0,0,0 
	],
	[
		0,0,0,0,0,0,0,0 
	],
	[
		0,0,0,0,0,0,0,0 
	],
	[
		0,0,0,0,0,0,0,0 
	],
	[
		0,0,0,0,0,0,0,0 
	]
];

