/*********************************************
 * OPL 22.1.1.0 Data
 * Author: frankp
 * Creation Date: May 13, 2023 at 9:51:04 PM
 *********************************************/

timeSlotDuration = 240;
maxSkill = 2;
minSkill = 1;
visitPercThreshold = 0.5;

numOperators = 5;
operatorSkill = [1,1,1,2,2];
operatorWage = [1,1,1,1.5,1.5];
operatorTime = [1800,1800,1800,2400,2400];

numVisits = 3;
visitSkill = [1,1,2];
visitTime = [45,20,30];

numPatients = 20;

numTimeSlots = 10;

requests = [
	[[0, 0, 1],
        [0, 0, 1],
        [0, 0, 1],
        [0, 1, 0],
        [1, 0, 0],
        [0, 0, 1],
        [0, 0, 0],
        [0, 0, 0],
        [0, 0, 0],
        [0, 0, 0]],

       [[0, 0, 0],
        [0, 0, 0],
        [0, 1, 0],
        [0, 0, 1],
        [0, 0, 0],
        [0, 0, 0],
        [1, 0, 0],
        [0, 1, 0],
        [0, 0, 1],
        [0, 0, 1]],

       [[0, 0, 0],
        [0, 1, 0],
        [1, 0, 0],
        [0, 0, 0],
        [1, 0, 0],
        [1, 0, 0],
        [0, 0, 0],
        [0, 0, 1],
        [1, 0, 0],
        [0, 0, 0]],

       [[1, 0, 0],
        [0, 0, 0],
        [0, 1, 0],
        [0, 0, 1],
        [0, 1, 0],
        [0, 0, 0],
        [0, 1, 0],
        [1, 0, 0],
        [0, 0, 0],
        [0, 0, 0]],

       [[1, 0, 0],
        [1, 0, 0],
        [1, 0, 0],
        [1, 0, 0],
        [0, 1, 0],
        [1, 0, 0],
        [0, 0, 1],
        [0, 0, 1],
        [0, 0, 1],
        [1, 0, 0]],

       [[0, 0, 0],
        [1, 0, 0],
        [1, 0, 0],
        [1, 0, 0],
        [1, 0, 0],
        [1, 0, 0],
        [0, 1, 0],
        [0, 0, 0],
        [0, 0, 0],
        [1, 0, 0]],

       [[0, 0, 0],
        [0, 0, 0],
        [0, 0, 0],
        [0, 0, 1],
        [0, 0, 0],
        [1, 0, 0],
        [0, 0, 0],
        [0, 0, 1],
        [0, 0, 0],
        [0, 0, 1]],

       [[0, 0, 1],
        [0, 0, 0],
        [1, 0, 0],
        [0, 0, 0],
        [0, 1, 0],
        [0, 0, 1],
        [0, 0, 0],
        [1, 0, 0],
        [1, 0, 0],
        [1, 0, 0]],

       [[0, 0, 1],
        [1, 0, 0],
        [1, 0, 0],
        [0, 1, 0],
        [0, 0, 0],
        [0, 1, 0],
        [1, 0, 0],
        [0, 1, 0],
        [1, 0, 0],
        [0, 1, 0]],

       [[0, 0, 0],
        [0, 0, 0],
        [0, 1, 0],
        [0, 0, 1],
        [0, 0, 1],
        [1, 0, 0],
        [0, 0, 0],
        [1, 0, 0],
        [1, 0, 0],
        [0, 0, 1]],

       [[0, 0, 1],
        [1, 0, 0],
        [1, 0, 0],
        [0, 1, 0],
        [0, 0, 1],
        [1, 0, 0],
        [0, 0, 1],
        [1, 0, 0],
        [0, 0, 0],
        [0, 0, 0]],

       [[0, 0, 0],
        [1, 0, 0],
        [0, 0, 1],
        [0, 0, 1],
        [0, 0, 1],
        [1, 0, 0],
        [0, 1, 0],
        [0, 0, 1],
        [0, 0, 1],
        [0, 0, 1]],

       [[0, 0, 1],
        [1, 0, 0],
        [1, 0, 0],
        [0, 0, 0],
        [0, 0, 0],
        [0, 0, 1],
        [1, 0, 0],
        [1, 0, 0],
        [0, 0, 1],
        [1, 0, 0]],

       [[1, 0, 0],
        [1, 0, 0],
        [0, 1, 0],
        [1, 0, 0],
        [0, 0, 0],
        [1, 0, 0],
        [0, 0, 0],
        [0, 1, 0],
        [0, 0, 1],
        [0, 0, 1]],

       [[1, 0, 0],
        [0, 1, 0],
        [1, 0, 0],
        [0, 0, 1],
        [0, 0, 0],
        [0, 0, 0],
        [0, 0, 0],
        [0, 1, 0],
        [1, 0, 0],
        [1, 0, 0]],

       [[0, 0, 0],
        [0, 0, 1],
        [0, 1, 0],
        [0, 0, 0],
        [0, 1, 0],
        [0, 0, 0],
        [0, 0, 1],
        [0, 0, 0],
        [1, 0, 0],
        [0, 0, 0]],

       [[0, 0, 1],
        [0, 1, 0],
        [0, 0, 0],
        [1, 0, 0],
        [0, 0, 1],
        [1, 0, 0],
        [0, 0, 1],
        [0, 1, 0],
        [0, 1, 0],
        [0, 0, 0]],

       [[0, 0, 1],
        [0, 0, 1],
        [0, 0, 1],
        [0, 0, 1],
        [1, 0, 0],
        [1, 0, 0],
        [0, 0, 0],
        [0, 1, 0],
        [0, 0, 0],
        [1, 0, 0]],

       [[1, 0, 0],
        [0, 0, 0],
        [1, 0, 0],
        [0, 0, 0],
        [1, 0, 0],
        [0, 1, 0],
        [0, 0, 1],
        [0, 0, 1],
        [0, 0, 0],
        [0, 0, 1]],

       [[0, 0, 0],
        [0, 0, 1],
        [0, 0, 0],
        [1, 0, 0],
        [0, 0, 1],
        [0, 0, 0],
        [0, 0, 1],
        [0, 1, 0],
        [0, 0, 1],
        [0, 0, 1]]
];